|   |   |   |   |   |   |   |   |
| 4  | 6  | 1  | 7  | 4  | 8  | 
| 4  | 1  | 6  | 7  | 4  | 8  | 
| 1  | 4  | 6  | 7  | 4  | 8  | 
| 1  | 4  | 6  | 4  | 7  | 8  | 
| 1  | 4  | 4  | 6  | 7  | 8  | 
|   |   |   |   |   |   |   |   |

|   |   |   |   |   |   |   |   |
| 3  | 7  | 9  | 1  | 3  | 8  | 2  | 
| 1  | 3  | 7  | 9  | 3  | 8  | 2  | 
| 1  | 3  | 3  | 7  | 9  | 8  | 2  | 
| 1  | 3  | 3  | 7  | 8  | 9  | 2  | 
| 1  | 2  | 3  | 3  | 7  | 8  | 9  | 
|   |   |   |   |   |   |   |   |

----------------------------------------- 
              ERRADO, ISSO É UM BUBBLESORT

|   |   |   |   |   |   |   |   |
| 3  | 7  | 9  | 1  | 3  | 8  | 2  |   |
| 3  | 7  | 1  | 9  | 3  | 8  | 2  |   |
| 3  | 1  | 7  | 9  | 3  | 8  | 2  |   |
| 1  | 3  | 7  | 9  | 3  | 8  | 2  |   |
| 1  | 3  | 7  | 3  | 9  | 8  | 2  |   |
| 1  | 3  | 3  | 7  | 9  | 8  | 2  |   |
| 1  | 3  | 3  | 7  | 8  | 9  | 2  |   |
| 1  | 3  | 3  | 7  | 8  | 2  | 9  |   |
| 1  | 3  | 3  | 7  | 2  | 8  | 9  |   |
| 1  | 3  | 3  | 2  | 7  | 8  | 9  |   |
| 1  | 3  | 2  | 3  | 7  | 8  | 9  |   |
| 1  | 2  | 3  | 3  | 7  | 8  | 9  |   |
|   |   |   |   |   |   |   |   |

-----------------------------------------

