|   |   |   |   |   |   |   |   |

| 3  | 8  | 6  | 7  | 9  | 1  | 3  | 8  | 2  | 4  | 8  | 2  | 

| 3  | 1  | 3  | 2  | 4  | 2  |    | 8  | 6  | 7  | 9  | 8  | 8  | 
| 1  | 3  | 3  | 2  | 4  | 2  |    | 6  | 8  | 7  | 9  | 8  | 8  | 
| 1  | 3  | 2  | 3  | 4  | 2  |    | 6  | 7  | 8  | 9  | 8  | 8  | 
| 1  | 2  | 3  | 3  | 4  | 2  |    | 6  | 7  | 8  | 8  | 9  | 8  | 
| 1  | 2  | 3  | 3  | 2  | 4  |    | 6  | 7  | 8  | 8  | 8  | 9  | 
| 1  | 2  | 3  | 2  | 3  | 4  |    | 6  | 7  | 8  | 8  | 8  | 9  | 
| 1  | 2  | 2  | 3  | 3  | 4  |    | 6  | 7  | 8  | 8  | 8  | 9  | 

|   |   |   |   |   |   |   |   |

------------------------------------------------------------------------------------

|   |   |   |   |   |   |   |   |

| 3  | 8  | 6  | 7  | 9  | 1  | 3  | 8  | 2  | 4  | 8  | 2  | 

| 3  | 1  | 3  | 2  | 4  | 2  | ------ | 8  | 6  | 7  | 8  | 8  | 8  | 
| 1  | 2  | 2  | ------ | 3  | 3  | 4  | ------ | ------ | 6  | 7  | ------ | 8  | 9  | 8  | 8   | 
| 1  | ------ | 2  | 2  | ------ | 3  | 3  | 4  | ------ | 6  | ------ | 7  | ------ | 8  | 8  | 8  | ------ | 9  |
