|   |   |   |   |   |   |   |   |
| 4  | 6  | 1  | 7  | 4  | 8  |  
| 1  | 6  | 4  | 7  | 4  | 8  |  
| 1  | 4  | 6  | 7  | 4  | 8  |  
| 1  | 4  | 4  | 7  | 6  | 8  |  
| 1  | 4  | 4  | 6  | 7  | 8  |  
|   |   |   |   |   |   |   |   |

|   |   |   |   |   |   |   |   |
| 3  | 7  | 9  | 1  | 3  | 8  | 2  | 
| 1  | 7  | 9  | 3  | 3  | 8  | 2  | 
| 1  | 2  | 9  | 3  | 3  | 8  | 7  | 
| 1  | 2  | 3  | 9  | 3  | 8  | 7  | 
| 1  | 2  | 3  | 3  | 9  | 8  | 7  | 
| 1  | 2  | 3  | 3  | 7  | 8  | 9  | 
|   |   |   |   |   |   |   |   |

|   |   |   |   |   |   |   |   |
| 4  | 3  | 2  | 10  | 12  | 1  | 5  | 6  |
| 1  | 3  | 2  | 10  | 12  | 4  | 5  | 6  |
| 1  | 2  | 3  | 10  | 12  | 4  | 5  | 6  |
| 1  | 2  | 3  | 4  | 12  | 10  | 5  | 6  |
| 1  | 2  | 3  | 4  | 5  | 10  | 12  | 6  |
| 1  | 2  | 3  | 4  | 5  | 6  | 12  | 10  |
| 1  | 2  | 3  | 4  | 5  | 6  | 10  | 12  |
|   |   |   |   |   |   |   |   |
